# name: debug
# type: sparse matrix
# nnz: 900
# rows: 42
# columns: 42

1 1 5484.18015
2 1 -362.642392
3 1 721.995273
4 1 7781.91174
5 1 136526.319
6 1 -1793.74198
7 1 -5499.64459
8 1 227.018838
9 1 -485.767423
10 1 -5816.15039
11 1 -170602.805
12 1 1637.40584
1 2 -362.642392
2 2 5637.83881
3 2 -214.807713
4 2 -136708.78
5 2 -8080.6955
6 2 -17043.204
7 2 515.11583
8 2 -5609.11763
9 2 141.047796
10 2 171429.087
11 2 14808.9426
12 2 14356.4402
1 3 721.995273
2 3 -214.807713
3 3 112.948964
4 3 4524.44646
5 3 16386.1947
6 3 265.349592
7 3 -731.245928
8 3 197.022494
9 3 -70.661362
10 3 -5503.91947
11 3 -21599.4511
12 3 -204.354677
1 4 7781.91174
2 4 -136708.78
3 4 4524.44646
4 4 5650868.16
5 4 240489.763
6 4 -41236.485
7 4 -11407.171
8 4 134107.795
9 4 -2914.6763
10 4 -4901249.84
11 4 -386825.265
12 4 -134661.432
1 5 136526.319
2 5 -8080.6955
3 5 16386.1947
4 5 240489.763
5 5 6304393.48
6 5 86253.5742
7 5 -134891.259
8 5 4731.34592
9 5 -10953.4142
10 5 -130073.195
11 5 -5121102.85
12 5 -17590.3589
1 6 -1793.74198
2 6 -17043.204
3 6 265.349592
4 6 -41236.485
5 6 86253.5742
6 6 392214.841
7 6 1434.61614
8 6 17358.5245
9 6 -163.888701
10 6 -352989.828
11 6 9129.35521
12 6 -116272.631
1 7 -5499.64459
2 7 515.11583
3 7 -731.245928
4 7 -11407.171
5 7 -134891.259
6 7 1434.61614
7 7 5554.42248
8 7 -378.608672
9 7 491.26101
10 7 10433.7134
11 7 174010.452
12 7 -1171.83005
1 8 227.018838
2 8 -5609.11763
3 8 197.022494
4 8 134107.795
5 8 4731.34592
6 8 17358.5245
7 8 -378.608672
8 8 5620.97428
9 8 -128.857907
10 8 -173555.511
11 8 -10561.2305
12 8 -13936.3132
1 9 -485.767423
2 9 141.047796
3 9 -70.661362
4 9 -2914.6763
5 9 -10953.4142
6 9 -163.888701
7 9 491.26101
8 9 -128.857907
9 9 55.0710425
10 9 3401.37279
11 9 13789.8485
12 9 125.422415
1 10 -5816.15039
2 10 171429.087
3 10 -5503.91947
4 10 -4901249.84
5 10 -130073.195
6 10 -352989.828
7 10 10433.7134
8 10 -173555.511
9 10 3401.37279
10 10 7212649
11 10 349675.631
12 10 -124944.394
1 11 -170602.805
2 11 14808.9426
3 11 -21599.4511
4 11 -386825.265
5 11 -5121102.85
6 11 9129.35521
7 11 174010.452
8 11 -10561.2305
9 11 13789.8485
10 11 349675.631
11 11 7910907.97
12 11 65577.8491
1 12 1637.40584
2 12 14356.4402
3 12 -204.354677
4 12 -134661.432
5 12 -17590.3589
6 12 -116272.631
7 12 -1171.83005
8 12 -13936.3132
9 12 125.422415
10 12 -124944.394
11 12 65577.8491
12 12 444580.017
13 13 42339.1078
14 13 5511.36397
15 13 2639.19289
16 13 -115.837739
17 13 33570.3157
18 13 1179.07164
19 13 -1040.52115
20 13 -86.8894576
21 13 -68.5267012
22 13 -2795.22023
23 13 3945.72793
24 13 -1037.84518
25 13 -38.8628006
26 13 0.437565716
27 13 -10.8254667
28 13 -44.9095858
29 13 -7105.77789
30 13 -122.390771
13 14 5511.36397
14 14 -18860.9581
15 14 -170.034587
16 14 -33155.9036
17 14 78.2820145
18 14 156.559229
19 14 -152.82707
20 14 -1228.01799
21 14 -22.2789627
22 14 -8399.846
23 14 3191.40004
24 14 -2026.17994
25 14 -0.401464582
26 14 -38.5324388
27 14 -0.689526912
28 14 6531.48666
29 14 -104.377599
30 14 1824.14357
13 15 2639.19289
14 15 -170.034587
15 15 178.12258
16 15 -1213.42794
17 15 116.936558
18 15 5.40652237
19 15 -57.0758854
20 15 -7.25390498
21 15 -9.10409262
22 15 736.567535
23 15 1353.83206
24 15 6.00473903
25 15 -1.16257152
26 15 -0.674768874
27 15 -0.338531337
28 15 120.976319
29 15 -221.041852
30 15 30.4119138
13 16 -115.837739
14 16 -33155.9036
15 16 -1213.42794
16 16 7879804.87
17 16 -25964.9502
18 16 -2681.83585
19 16 739.828298
20 16 22905.5615
21 16 1165.1746
22 16 -4031193.94
23 16 149424.126
24 16 -135593.329
25 16 92.5908255
26 16 8174.53357
27 16 151.630642
28 16 -1691631
29 16 29854.6054
30 16 -478196.008
13 17 33570.3157
14 17 78.2820145
15 17 116.936558
16 17 -25964.9502
17 17 8272165.52
18 17 296711.578
19 17 -22609.449
20 17 576.918352
21 17 -302.476296
22 17 -87025.3835
23 17 -4175935.8
24 17 -199763.44
25 17 -8254.92923
26 17 87.4383673
27 17 -2306.01841
28 17 -9310.77639
29 17 -1848520.02
30 17 -33232.1952
13 18 1179.07164
14 18 156.559229
15 18 5.40652237
16 18 -2681.83585
17 18 296711.578
18 18 352741.213
19 18 -893.714799
20 18 -137.577537
21 18 -17.5217064
22 18 -90326.4682
23 18 -155068.429
24 18 -184982.722
25 18 -150.541
26 18 251.213454
27 18 -38.2386792
28 18 -57444.5643
29 18 -36616.8298
30 18 -17928.1112
13 19 -1040.52115
14 19 -152.82707
15 19 -57.0758854
16 19 739.828298
17 19 -22609.449
18 19 -893.714799
19 19 2208.61957
20 19 128.34551
21 19 159.888467
22 19 2627.85456
23 19 76117.0142
24 19 1603.304
25 19 -741.68223
26 19 -4.96492822
27 19 -241.928567
28 19 252.083353
29 19 -46098.2209
30 19 313.304808
31 19 -380.752239
32 19 9.97254287
33 19 -231.430029
34 19 -433.983146
35 19 -18470.9117
36 19 -82.3099358
37 19 53.6905242
38 19 -26.921621
39 19 44.6561356
40 19 817.853726
41 19 2669.09648
42 19 626.585601
13 20 -86.8894576
14 20 -1228.01799
15 20 -7.25390498
16 20 22905.5615
17 20 576.918352
18 20 -137.577537
19 20 128.34551
20 20 2595.21
21 20 25.4238959
22 20 -83905.889
23 20 -2648.29487
24 20 -4715.23391
25 20 11.6123032
26 20 -778.847045
27 20 10.7030913
28 20 43500.4622
29 20 818.366761
30 20 13939.9874
31 20 6.51209355
32 20 -237.888021
33 20 6.29294851
34 20 8434.70524
35 20 363.273764
36 20 5121.28027
37 20 -14.02012
38 20 -338.912306
39 20 -5.69054499
40 20 10038.6834
41 20 -547.787783
42 20 8269.50687
13 21 -68.5267012
14 21 -22.2789627
15 21 -9.10409262
16 21 1165.1746
17 21 -302.476296
18 21 -17.5217064
19 21 159.888467
20 21 25.4238959
21 21 22.9731789
22 21 -1249.12205
23 21 4297.1135
24 21 20.0879324
25 21 -58.2055035
26 21 -1.75470392
27 21 -19.0973955
28 21 220.431785
29 21 -3444.80207
30 21 86.1528295
31 21 -30.5075096
32 21 -0.396305929
33 21 -18.532785
34 21 7.78236421
35 21 -1480.2869
36 21 19.2453547
37 21 4.05020846
38 21 -3.84678233
39 21 3.39900687
40 21 115.761272
41 21 202.146695
42 21 91.7462907
13 22 -2795.22023
14 22 -8399.846
15 22 736.567535
16 22 -4031193.94
17 22 -87025.3835
18 22 -90326.4682
19 22 2627.85456
20 22 -83905.889
21 22 -1249.12205
22 22 12125226.4
23 22 -118869.859
24 22 594031.749
25 22 -804.185006
26 22 53831.2165
27 22 -593.195185
28 22 -3996063.38
29 22 -65479.7406
30 22 -1237727.36
31 22 -397.489393
32 22 14962.21
33 22 -388.084719
34 22 -530819.688
35 22 -22265.0142
36 22 -322315.866
37 22 875.262108
38 22 21315.1481
39 22 353.236061
40 22 -631778.23
41 22 34167.5833
42 22 -520424.029
13 23 3945.72793
14 23 3191.40004
15 23 1353.83206
16 23 149424.126
17 23 -4175935.8
18 23 -155068.429
19 23 76117.0142
20 23 -2648.29487
21 23 4297.1135
22 23 -118869.859
23 23 11726321.8
24 23 289228.239
25 23 -51953.1509
26 23 -408.974599
27 23 -16682.3604
28 23 47406.6883
29 23 -4304925.77
30 23 4612.54958
31 23 -24093.0272
32 23 625.162676
33 23 -14644.8386
34 23 -27255.6337
35 23 -1169515.84
36 23 -5106.56043
37 23 3388.1589
38 23 -1709.06739
39 23 2818.11848
40 23 51944.7282
41 23 168549.395
42 23 39818.5235
13 24 -1037.84518
14 24 -2026.17994
15 24 6.00473903
16 24 -135593.329
17 24 -199763.44
18 24 -184982.722
19 24 1603.304
20 24 -4715.23391
21 24 20.0879324
22 24 594031.749
23 24 289228.239
24 24 443438.663
25 24 -306.603288
26 24 4055.78043
27 24 -121.421173
28 24 -274664.649
29 24 -56400.8554
30 24 -88579.5163
31 24 -152.670088
32 24 1207.5544
33 24 -104.600313
34 24 -42880.1245
35 24 -7676.31702
36 24 -25983.4932
37 24 86.9303624
38 24 1707.37725
39 24 42.1815923
40 24 -50618.4984
41 24 3575.90938
42 24 -41711.0498
13 25 -38.8628006
14 25 -0.401464582
15 25 -1.16257152
16 25 92.5908255
17 25 -8254.92923
18 25 -150.541
19 25 -741.68223
20 25 11.6123032
21 25 -58.2055035
22 25 -804.185006
23 25 -51953.1509
24 25 -306.603288
25 25 1487.3268
26 25 23.9536437
27 25 414.011878
28 25 -1765.30795
29 25 104767.485
30 25 2617.97469
31 25 -515.230354
32 25 -5.32632329
33 25 -242.510415
34 25 973.651078
35 25 -35165.7948
36 25 -2178.62882
37 25 -143.536601
38 25 -11.1809556
39 25 -103.763015
40 25 661.86533
41 25 -7976.92284
42 25 -109.687823
13 26 0.437565716
14 26 -38.5324388
15 26 -0.674768874
16 26 8174.53357
17 26 87.4383673
18 26 251.213454
19 26 -4.96492822
20 26 -778.847045
21 26 -1.75470392
22 26 53831.2165
23 26 -408.974599
24 26 4055.78043
25 26 23.9536437
26 26 1655.97075
27 26 18.7063653
28 26 -108219.706
29 26 1580.99157
30 26 -22236.668
31 26 -6.92640323
32 26 -513.088601
33 26 -21.2469193
34 26 32087.7484
35 26 -765.868265
36 26 8793.72432
37 26 -23.758008
38 26 -310.269188
39 26 -17.0484125
40 26 11823.6399
41 26 -1237.89788
42 26 6396.71054
13 27 -10.8254667
14 27 -0.689526912
15 27 -0.338531337
16 27 151.630642
17 27 -2306.01841
18 27 -38.2386792
19 27 -241.928567
20 27 10.7030913
21 27 -19.0973955
22 27 -593.195185
23 27 -16682.3604
24 27 -121.421173
25 27 414.011878
26 27 18.7063653
27 27 158.097715
28 27 -2873.10939
29 27 25489.2933
30 27 183.966276
31 27 -110.454466
32 27 -17.9676757
33 27 -84.336962
34 27 2191.29855
35 27 -5465.80075
36 27 275.742803
37 27 -36.6065197
38 27 -4.10833188
39 27 -34.6268557
40 27 355.558841
41 27 -1608.75654
42 27 97.2725375
13 28 -44.9095858
14 28 6531.48666
15 28 120.976319
16 28 -1691631
17 28 -9310.77639
18 28 -57444.5643
19 28 252.083353
20 28 43500.4622
21 28 220.431785
22 28 -3996063.38
23 28 47406.6883
24 28 -274664.649
25 28 -1765.30795
26 28 -108219.706
27 28 -2873.10939
28 28 9787943.13
29 28 -125373.448
30 28 1641454.91
31 28 568.338854
32 28 38540.1956
33 28 2743.7069
34 28 -2828340.94
35 28 58379.9847
36 28 -534368.126
37 28 1324.25862
38 28 17549.5507
39 28 1160.7759
40 28 -793388.218
41 28 74637.0546
42 28 -312040.066
13 29 -7105.77789
14 29 -104.377599
15 29 -221.041852
16 29 29854.6054
17 29 -1848520.02
18 29 -36616.8298
19 29 -46098.2209
20 29 818.366761
21 29 -3444.80207
22 29 -65479.7406
23 29 -4304925.77
24 29 -56400.8554
25 29 104767.485
26 29 1580.99157
27 29 25489.2933
28 29 -125373.448
29 29 10259695.4
30 29 361481.619
31 29 -38776.9502
32 29 -454.469649
33 29 -15424.3154
34 29 73351.9068
35 29 -2924457.88
36 29 -246044.09
37 29 -8949.35827
38 29 -753.557714
39 29 -5744.47963
40 29 51209.7435
41 29 -541174.172
42 29 -23796.7899
13 30 -122.390771
14 30 1824.14357
15 30 30.4119138
16 30 -478196.008
17 30 -33232.1952
18 30 -17928.1112
19 30 313.304808
20 30 13939.9874
21 30 86.1528295
22 30 -1237727.36
23 30 4612.54958
24 30 -88579.5163
25 30 2617.97469
26 30 -22236.668
27 30 183.966276
28 30 1641454.91
29 30 361481.619
30 30 985701.009
31 30 -2261.23236
32 30 3147.54746
33 30 -643.095251
34 30 68854.0852
35 30 -234505.992
36 30 -245279.133
37 30 -67.3579409
38 30 3117.37556
39 30 17.6974315
40 30 -6753.97344
41 30 -24122.1945
42 30 -119971.104
19 31 -380.752239
20 31 6.51209355
21 31 -30.5075096
22 31 -397.489393
23 31 -24093.0272
24 31 -152.670088
25 31 -515.230354
26 31 -6.92640323
27 31 -110.454466
28 31 568.338854
29 31 -38776.9502
30 31 -2261.23236
31 31 1652.82345
32 31 -129.508003
33 31 576.718578
34 31 1339.5881
35 31 110418.924
36 31 5050.69437
37 31 -800.920529
38 31 133.317267
39 31 -251.379868
40 31 -1434.99181
41 31 -57198.3538
42 31 -2896.03966
19 32 9.97254287
20 32 -237.888021
21 32 -0.396305929
22 32 14962.21
23 32 625.162676
24 32 1207.5544
25 32 -5.32632329
26 32 -513.088601
27 32 -17.9676757
28 32 38540.1956
29 32 -454.469649
30 32 3147.54746
31 32 -129.508003
32 32 3013.37928
33 32 56.2542102
34 32 -124530.479
35 32 -1124.97371
36 32 -19243.3938
37 32 117.09963
38 32 -2247.03513
39 32 -33.4948816
40 32 74142.4117
41 32 430.035453
42 32 11685.4782
19 33 -231.430029
20 33 6.29294851
21 33 -18.532785
22 33 -388.084719
23 33 -14644.8386
24 33 -104.600313
25 33 -242.510415
26 33 -21.2469193
27 33 -84.336962
28 33 2743.7069
29 33 -15424.3154
30 33 -643.095251
31 33 576.718578
32 33 56.2542102
33 33 471.222176
34 33 -7835.57159
35 33 23952.0711
36 33 -213.120552
37 33 -131.426852
38 33 -40.2820508
39 33 -232.06408
40 33 5199.16174
41 33 -979.371001
42 33 931.228011
19 34 -433.983146
20 34 8434.70524
21 34 7.78236421
22 34 -530819.688
23 34 -27255.6337
24 34 -42880.1245
25 34 973.651078
26 34 32087.7484
27 34 2191.29855
28 34 -2828340.94
29 34 73351.9068
30 34 68854.0852
31 34 1339.5881
32 34 -124530.479
33 34 -7835.57159
34 34 9550993.18
35 34 389245.629
36 34 -341707.213
37 34 -1752.16017
38 34 82678.6704
39 34 5496.69613
40 34 -5889944.74
41 34 -308261.312
42 34 190618.195
19 35 -18470.9117
20 35 363.273764
21 35 -1480.2869
22 35 -22265.0142
23 35 -1169515.84
24 35 -7676.31702
25 35 -35165.7948
26 35 -765.868265
27 35 -5465.80075
28 35 58379.9847
29 35 -2924457.88
30 35 -234505.992
31 35 110418.924
32 35 -1124.97371
33 35 23952.0711
34 35 389245.629
35 35 11216075.6
36 35 850462.255
37 35 -59007.2501
38 35 1707.39666
39 35 -7932.69675
40 35 -326582.629
41 35 -6509856.56
42 35 -591538.511
19 36 -82.3099358
20 36 5121.28027
21 36 19.2453547
22 36 -322315.866
23 36 -5106.56043
24 36 -25983.4932
25 36 -2178.62882
26 36 8793.72432
27 36 275.742803
28 36 -534368.126
29 36 -246044.09
30 36 -245279.133
31 36 5050.69437
32 36 -19243.3938
33 36 -213.120552
34 36 -341707.213
35 36 850462.255
36 36 1944994.74
37 36 -2762.30226
38 36 5223.68203
39 36 157.189148
40 36 888883.778
41 36 -543487.307
42 36 -1120049.63
19 37 53.6905242
20 37 -14.02012
21 37 4.05020846
22 37 875.262108
23 37 3388.1589
24 37 86.9303624
25 37 -143.536601
26 37 -23.758008
27 37 -36.6065197
28 37 1324.25862
29 37 -8949.35827
30 37 -67.3579409
31 37 -800.920529
32 37 117.09963
33 37 -131.426852
34 37 -1752.16017
35 37 -59007.2501
36 37 -2762.30226
37 37 864.192441
38 37 -85.6178913
39 37 270.309236
40 37 95.5812598
41 37 63334.5058
42 37 2500.11412
19 38 -26.921621
20 38 -338.912306
21 38 -3.84678233
22 38 21315.1481
23 38 -1709.06739
24 38 1707.37725
25 38 -11.1809556
26 38 -310.269188
27 38 -4.10833188
28 38 17549.5507
29 38 -753.557714
30 38 3117.37556
31 38 133.317267
32 38 -2247.03513
33 38 -40.2820508
34 38 82678.6704
35 38 1707.39666
36 38 5223.68203
37 38 -85.6178913
38 38 2912.12027
39 38 53.3035156
40 38 -98216.1681
41 38 976.148684
42 38 -27111.5888
19 39 44.6561356
20 39 -5.69054499
21 39 3.39900687
22 39 353.236061
23 39 2818.11848
24 39 42.1815923
25 39 -103.763015
26 39 -17.0484125
27 39 -34.6268557
28 39 1160.7759
29 39 -5744.47963
30 39 17.6974315
31 39 -251.379868
32 39 -33.4948816
33 39 -232.06408
34 39 5496.69613
35 39 -7932.69675
36 39 157.189148
37 39 270.309236
38 39 53.3035156
39 39 316.623722
40 39 -6400.39323
41 39 10316.7174
42 39 -1072.07862
19 40 817.853726
20 40 10038.6834
21 40 115.761272
22 40 -631778.23
23 40 51944.7282
24 40 -50618.4984
25 40 661.86533
26 40 11823.6399
27 40 355.558841
28 40 -793388.218
29 40 51209.7435
30 40 -6753.97344
31 40 -1434.99181
32 40 74142.4117
33 40 5199.16174
34 40 -5889944.74
35 40 -326582.629
36 40 888883.778
37 40 95.5812598
38 40 -98216.1681
39 40 -6400.39323
40 40 8453990.79
41 40 244826.182
42 40 804235.365
19 41 2669.09648
20 41 -547.787783
21 41 202.146695
22 41 34167.5833
23 41 168549.395
24 41 3575.90938
25 41 -7976.92284
26 41 -1237.89788
27 41 -1608.75654
28 41 74637.0546
29 41 -541174.172
30 41 -24122.1945
31 41 -57198.3538
32 41 430.035453
33 41 -979.371001
34 41 -308261.312
35 41 -6509856.56
36 41 -543487.307
37 41 63334.5058
38 41 976.148684
39 41 10316.7174
40 41 244826.182
41 41 10269522.9
42 41 694711.776
19 42 626.585601
20 42 8269.50687
21 42 91.7462907
22 42 -520424.029
23 42 39818.5235
24 42 -41711.0498
25 42 -109.687823
26 42 6396.71054
27 42 97.2725375
28 42 -312040.066
29 42 -23796.7899
30 42 -119971.104
31 42 -2896.03966
32 42 11685.4782
33 42 931.228011
34 42 190618.195
35 42 -591538.511
36 42 -1120049.63
37 42 2500.11412
38 42 -27111.5888
39 42 -1072.07862
40 42 804235.365
41 42 694711.776
42 42 2481444.14
